tree
version=v4
num_class=1
num_tree_per_iteration=1
label_index=0
max_feature_idx=56
objective=binary sigmoid:1
feature_names=amount os_ver_count_30d phone_model_count_30d last_phone_model last_os sessions_unique_7d sessions_unique_30d daily_logins_avg_7d daily_logins_avg_30d login_freq_change_7_vs_30 login_share_7_of_30 avg_interval_30d std_interval_30d var_interval_30d ewm_interval_7d burstiness fano_factor zscore_interval_7_vs_30 log_amount sqrt_amount amount_cum_count cst_txn_count_past cst_amount_mean_past amount_diff_mean_past amount_over_mean_past cst_amount_deviation cst_amount_deviation_ratio hours_since_prev_trans target_txn_count_past target_fraud_rate_past target_txn_count_past_log1p target_fraud_rate_past_smooth is_new_phone_model_for_client is_new_os_for_client is_new_target_for_client is_night_tx is_weekend is_first_tx_for_client is_high_amount_global is_high_amount_vs_client target_same_as_prev cst_new_targets_ratio cst_night_tx_share cst_weekend_tx_share sessions_7d_vs_30d_ratio logins_7d_vs_30d_ratio is_login_spike amount_x_new_target amount_x_high_fraud_rate night_x_high_amount new_device_x_high_amount weekend_x_high_amount high_amount_x_new_os first_tx_x_high_amount new_target_x_high_fraud_target risk_score risk_x_target_fraud
feature_infos=[-50000:5024700] [0:6] [0:5] -1:254:247:249:253:251:238:36:244:257:245:241:131:192:242:231:174:246:119:67:202:256:171:123:212:4:234:75:252:175:204:199:116:54:94:185:161:197:140:220:240:166:135:74:30:133:176:255:258:90:194:51:78:181:107:77:198:184:120:93:114:118:210:229:84:137:132:167:209:38:79:191:187:92:178:16:18:26:62:165:139:168:201:63:233:232:239:150:211:111:138:243:91:98:56:27:66:264:215:218:87:193:86:134:223:99:126:196:8:33:59:117:164:60:158:188:195:65:82:17:31:12:41:124:52:69:81:151:152:227:37:39:159:177:225:11:55:89:100:162:13:83:112:129:180:206:228:88:101:109:169:9:21:22:29:125:156:183:186:7:14:53:58:148:190:200:217:10:32:64:103:110:142:179:226:236:70:95:149:163:182:203:207:208:222:20:23:48:72:105:106:141:143:160:173:230:261:2:15:28:34:44:57:71:122:127:144:147:154:157:172:263:0:42:80:102:108:130:145:155:170:214:221 -1:4:2:3:5:47:39:32:1:30:0:44:46:43:42:28:41:40:12:38:23:36:16:18:37:33:25:24:17:29:45:48:31:53:21:19:34:35:27:52:22:15:6:11:20:49:7:54 [0:180] [0:388] [0:25.714285714285715] [0:12.933333333333334] [-1:3.285714285714286] [0:1] [-1:2746920] [-1:1754968.3202268924] [-1:969527665028.57141] [-1:582180] [-1:0.68288648343628755] [-1:2856431.5070558186] [-1.6863033664441271:4.677698470448961] [0:15.429876507651509] [0:2241.584261186717] [0:241] [0:241] [10:2754326.6666666665] [-2259486.6666666665:2876976.3207352939] [-0.59719933388847579:1999.9800001999979] [0:2876976.3207352939] [0:1979.2079207920792] [0:999999] [0:216] [0:1] [0:5.3798973535404597] [0.00052758579516898026:0.17660286580901577] [0:1] [0:1] [0:1] [0:1] [0:1] [0:1] [0:1] [0:1] [0:1] [0:1] [0:1] [0:1] [0:0.98275862068965514] [0:2.660098522167488] [0:1] [0:2489450] [-156.88735487919675:353205.73161803151] none none [0:1] none none [0:0.17660286580901577] [0:3] [0:0.20349716176512536]
tree_sizes=1162 1109 916 1073 1020 1565 1206 1257 1615 1383 1430 1325 1130 1606 1641 1220 1675 2030 1952 1482 1573 1562 1478 1548 1375 1471 2572 1582 1901

Tree=0
num_leaves=10
num_cat=0
split_feature=29 0 24 15 15 2 6 0 0
split_gain=224603 8293.75 2364.72 1196.09 1016.53 756.853 588.522 359.665 378.43
threshold=1.0000000180025095e-35 4911.5000000000009 1.7082537224624723 0.16346730927746128 0.29834137896554164 1.5000000000000002 19.500000000000004 1104.0000000000002 2525.0000000000005
decision_type=2 2 2 2 2 2 2 2 2
left_child=2 7 -1 -4 5 6 -5 -2 -9
right_child=1 -3 3 4 -6 -7 -8 8 -10
leaf_value=-4.4504971029609557 -4.428218514866165 -2.238709513498423 -4.4385294846582264 -4.4270159616078795 -4.4332979849395437 -4.4292711268061149 -3.6649338775133282 -3.8398040570466456 -4.4273644803789631
leaf_weight=67.860198445618153 1.2310505937784899 100.62527502886951 5.8035242278128853 0.93794330954551508 2.8724513854831457 1.5124335866421459 4.6616400089114904 3.3617863189429045 1.0200133491307495
leaf_count=5788 105 887 495 80 245 129 152 123 87
internal_value=-3.18892 -2.30572 -4.36674 -4.08651 -3.94472 -3.82428 -3.73463 -3.96978 -3.90643
internal_weight=189.886 106.238 83.6482 15.788 9.98447 7.11202 5.59958 5.61285 4.3818
internal_count=8091 1202 6889 1101 606 361 232 315 210
is_linear=0
shrinkage=1


Tree=1
num_leaves=9
num_cat=1
split_feature=28 3 48 48 24 0 24 24
split_gain=5178.21 457.538 272.699 445.039 495.567 497.784 253.58 651.546
threshold=3.5000000000000004 0 417.84332182826074 29.709235435623892 0.052758973211088321 5207.5000000000009 0.84375968400623147 0.32708699949937042
decision_type=2 9 2 2 2 2 2 2
left_child=2 -2 3 -1 -5 -6 7 -7
right_child=1 -3 -4 4 5 6 -8 -9
leaf_value=-0.016561939956747061 0.14921233826303643 -0.024752281349342046 0.29379838492875682 0.38715905041377718 -0.019685962573874741 0.19574544546121153 0.26003699200873509 -0.024286127134760027
leaf_weight=5.9528067894279948 1.3800801951438189 66.137680733576417 603.77412659768015 19.075190452858806 7.8059650929644695 50.035825863480568 71.901548667810857 14.219932682812212
leaf_count=424 32 5676 805 49 271 268 272 305
internal_value=0.258474 0.00600911 0.280352 0.225246 0.234305 0.201737 0.214679 0.148814
internal_weight=840.283 67.5178 772.765 168.991 163.038 143.963 136.157 64.2558
internal_count=8102 5708 2394 1589 1165 1116 845 573
cat_boundaries=0 4
cat_threshold=0 0 0 4194304
is_linear=0
shrinkage=0.03


Tree=2
num_leaves=7
num_cat=1
split_feature=28 3 9 0 42 25
split_gain=2210.24 1248.35 131.007 431.348 296.005 70.8497
threshold=3.5000000000000004 0 0.42384105960264901 9878.4000000000015 0.089358304297328703 12456.134615384619
decision_type=2 9 2 2 2 2
left_child=2 -2 3 4 -1 -5
right_child=1 -3 -4 5 -6 -7
leaf_value=-0.024493947569903116 0.24611875090465649 -0.024594605180330201 0.23677025395216644 0.13022752996249057 0.16086456620493919 0.21096986785532454
leaf_weight=15.352559615857901 4.6274392427876592 64.015426172874868 472.87878947518766 41.465627557598054 8.6783150890842062 391.19686832092702
leaf_count=529 124 5625 820 284 65 734
internal_value=0.206709 0.0392072 0.218802 0.197834 0.0586218 0.204808
internal_weight=998.215 68.6429 929.572 456.693 24.0309 432.662
internal_count=8181 5749 2432 1612 594 1018
cat_boundaries=0 8
cat_threshold=0 0 0 4194304 0 0 0 2097152
is_linear=0
shrinkage=0.03


Tree=3
num_leaves=9
num_cat=0
split_feature=48 28 20 20 32 0 0 0
split_gain=2167.64 496.161 656.764 307.515 153.164 69.7846 188.598 30.2154
threshold=47.886069415063226 3.5000000000000004 106.50000000000001 107.50000000000001 1.0000000180025095e-35 79944.500000000015 59150.000000000007 5412.5000000000009
decision_type=2 2 2 2 2 2 2 2
left_child=-1 4 -3 -4 7 6 -6 -2
right_child=1 2 3 -5 5 -7 -8 -9
leaf_value=-0.027399747773077104 0.2747986732272672 -0.025359523454191617 0.37827046768296313 -0.0094206370927379136 -0.024135022293614583 0.14347633080307995 0.12491019059782936 0.18369074143531783
leaf_weight=46.085637051612139 19.779203255660832 25.278053319081668 1.4547686800360673 2.2450834950432181 11.631589691154659 51.596970768645406 11.619405386969447 1006.8065664228052
leaf_count=3982 127 2191 5 187 114 82 10 1484
internal_value=0.171536 0.179731 0.047253 0.272809 0.182988 0.122669 0.0592733 0.18677
internal_weight=1176.5 1130.41 28.9779 3.69985 1101.43 74.848 23.251 1026.59
internal_count=8182 4200 2383 192 1817 206 124 1611
is_linear=0
shrinkage=0.03


Tree=4
num_leaves=8
num_cat=1
split_feature=28 3 42 23 25 24 24
split_gain=865.959 1094.36 122.361 257.275 37.5671 122.402 200.702
threshold=3.5000000000000004 0 0.11134067952249772 64288.579013906456 43536.888938331511 0.26336861287307683 0.26018537307850675
decision_type=2 9 2 2 2 2 2
left_child=2 -2 4 -4 5 6 -1
right_child=1 -3 3 -5 -6 -7 -8
leaf_value=-0.023881309948629255 0.22158190778088047 -0.024356705106225899 -0.024563726080072582 0.12859908102259865 0.16284754345403898 0.14343079303231407 0.12680775090125584
leaf_weight=12.885539614595473 6.5322823170572519 61.045593758113682 12.377097756601868 26.241755593568087 844.79082208126783 356.46893717348576 11.392714134417474
leaf_count=413 134 5623 213 27 765 995 5
internal_value=0.148416 0.0402181 0.154019 0.0823225 0.155935 0.138685 0.0564102
internal_weight=1331.73 67.5779 1264.16 38.6189 1225.54 380.747 24.2783
internal_count=8175 5757 2418 240 2178 1413 418
cat_boundaries=0 8
cat_threshold=0 0 0 4194304 0 0 0 2097152
is_linear=0
shrinkage=0.03


Tree=5
num_leaves=13
num_cat=1
split_feature=48 3 31 24 31 0 8 0 25 24 8 24
split_gain=1088.92 391.553 1023.09 1783.07 911.883 445.781 217.837 41.2109 174.009 49.4229 127.847 39.0505
threshold=29.709235435623892 0 0.010387844557910452 1.7082537224624723 0.011381464472145367 39516.000000000007 0.48333333333333339 11012.500000000002 333538.16376623377 1.2333907967205955 2.2500000000000004 0.37728263028671938
decision_type=2 9 2 2 2 2 2 2 2 2 2 2
left_child=-1 2 3 -2 -3 6 -6 9 -9 10 -8 -4
right_child=1 4 11 -5 5 -7 7 8 -10 -11 -12 -13
leaf_value=-0.026632959438831483 -0.019813172685218712 -0.027116250656826574 0.18341796036254104 0.45348506278517531 -0.028224180382316787 0.13288942384138586 -0.024074682321533668 -0.027327800549139566 0.10105459793451883 0.12375106729050908 0.094994744498747688 0.14286183927817075
leaf_weight=35.676199427805841 9.3343662871047872 39.624299325048923 97.82686275895685 20.96242581307888 18.667458748444915 419.26463142037392 10.749329223297538 15.525023855268955 14.199709892272949 27.041830345988274 15.323039757087825 644.24880186375231
leaf_count=3193 761 2829 119 260 156 252 115 112 1 11 39 289
internal_value=0.133546 0.137917 0.156346 0.325513 0.106706 0.119079 0.0584749 0.0785067 0.0397214 0.0949274 0.0499293 0.1494
internal_weight=1368.44 1332.77 772.372 30.2968 560.395 520.771 101.506 82.8389 29.7247 53.1142 26.0724 742.076
internal_count=8137 4944 1429 1021 3515 686 434 278 113 165 154 408
cat_boundaries=0 9
cat_threshold=32768 0 81928 73400328 0 269484032 67108864 2327233024 1
is_linear=0
shrinkage=0.03


Tree=6
num_leaves=10
num_cat=1
split_feature=28 3 42 24 18 16 16 26 18
split_gain=965.809 357.934 86.8835 215.222 101.332 361.957 247.826 21.0215 15.0343
threshold=3.5000000000000004 0 0.11272900561262313 5.1141149596300384 8.6997172270680831 762072.85705845885 121111.71761465857 0.8744393825051886 9.2611267319805943
decision_type=2 9 2 2 2 2 2 2 2
left_child=2 -2 4 -4 5 6 7 -1 -6
right_child=1 -3 3 -5 8 -7 -8 -9 -10
leaf_value=0.17094403608720771 0.11981129463871103 -0.024345490881147149 -0.025325788155205451 0.10832614241479833 0.09069914217384667 0.32516051119248823 -0.019913585978812941 0.079264569453840902 0.12537788944104997
leaf_weight=32.170253457501531 4.5545480065047741 60.831052153371274 13.324351913295684 30.218021733686328 74.197650888003409 9.3742855945602042 7.9316622158512464 18.044108412228525 1362.8935557445511
leaf_count=157 31 5693 217 21 271 39 314 192 1227
internal_value=0.12056 0.007057 0.125316 0.0690315 0.126711 0.173704 0.125473 0.148161 0.123908
internal_weight=1613.54 65.3856 1548.15 43.5424 1504.61 67.5203 58.146 50.2144 1437.09
internal_count=8162 5724 2438 238 2200 702 663 349 1498
cat_boundaries=0 4
cat_threshold=0 0 0 4194304
is_linear=0
shrinkage=0.03


Tree=7
num_leaves=10
num_cat=1
split_feature=48 3 48 31 26 27 20 25 20
split_gain=752.581 294.315 886.082 418.928 663.339 403.039 351.095 265.252 4.97358
threshold=29.709235435623892 0 917.64620694648954 0.010387844557910452 0.72412616426124121 18.772638888888892 109.50000000000001 333538.16376623377 1.5000000000000002
decision_type=2 9 2 2 2 2 2 2 2
left_child=-1 3 6 4 -2 -6 7 -3 -4
right_child=1 2 8 -5 5 -7 -8 -9 -10
leaf_value=-0.026552906819586036 -0.018917594262954085 -0.032921691599450818 0.072168471062634215 0.11947859216318818 -0.013281366452939904 0.29409261091315264 0.09479889998119026 0.08442517949876692 0.11106673447346463
leaf_weight=34.854640991427004 8.2041602749377471 85.146388374269009 41.36946715041995 873.58529272954911 3.7966012442484489 33.572319393977523 33.863733306527138 16.526085937395692 342.72793136443943
leaf_count=3226 674 2539 89 492 227 305 180 15 422
internal_value=0.107796 0.111131 0.0832369 0.124122 0.217056 0.264982 0.0180296 -0.0107847 0.107858
internal_weight=1473.65 1438.79 519.634 919.158 45.5731 37.3689 135.536 101.672 384.097
internal_count=8169 4943 3245 1698 1206 532 2734 2554 511
cat_boundaries=0 8
cat_threshold=32768 0 16520 216006664 0 1048576 67108864 3668361728
is_linear=0
shrinkage=0.03


Tree=8
num_leaves=14
num_cat=1
split_feature=48 20 4 47 30 30 30 0 8 0 0 0 0
split_gain=761.857 167.57 115.318 158.011 76.4095 283.412 188.08 58.0867 173.764 9.01619 84.2316 5.08558 2.50381
threshold=47.886069415063226 1.0000000180025095e-35 0 390000.00000000006 1.4978661367769956 3.5694334999727624 3.5972184255501678 563000.00000000012 1.0166666666666668 6000.2150000000011 34250.000000000007 19985.200000000004 29004.000000000004
decision_type=2 2 9 2 2 2 2 2 2 2 2 2 2
left_child=-1 7 3 -3 9 -6 -7 8 -2 -4 11 -11 -13
right_child=1 2 4 -5 5 6 -8 -9 -10 10 -12 12 -14
leaf_value=-0.027172604669202786 -0.031605473106365453 -0.028949200320670932 0.13510560092584933 0.080836896620374035 -0.024360897402195117 0.20804764908934775 -0.013828512329767388 0.083896455730693806 0.08027611811611704 0.085342408749144477 0.10607243329319126 0.037520688697546933 0.071446677846570994
leaf_weight=42.589803629554808 23.70000221580267 21.310115052387118 53.988558162935078 17.081758677959442 19.976158505305651 6.0140537759289128 4.1446624426171184 16.564159393310547 17.560000367462635 175.41470842063427 1114.0136230867356 30.412274634465575 19.47999169677496
leaf_count=3975 149 477 139 5 1744 23 340 3 23 399 661 171 62
internal_value=0.0951608 0.0986672 0.100707 0.019167 0.101983 0.0443021 0.142822 0.0431858 0.0195407 0.103797 0.102038 0.0802179 0.0560681
internal_weight=1562.25 1519.66 1461.84 38.3919 1423.44 30.1349 10.1587 57.8242 41.26 1393.31 1339.32 225.307 49.8923
internal_count=8171 4196 4021 482 3539 2107 363 175 172 1432 1293 632 233
cat_boundaries=0 2
cat_threshold=1 6656
is_linear=0
shrinkage=0.03


Tree=9
num_leaves=11
num_cat=2
split_feature=48 3 48 3 31 27 27 14 9 0
split_gain=569.071 212.679 599.36 452.341 323.916 267.865 107.81 46.2714 5.99162 75.6752
threshold=29.709235435623892 0 702.43083113383432 1 0.010387844557910452 18.772638888888892 20.230138888888892 367.2532941265884 0.45343306814251139 44698.500000000007
decision_type=2 9 2 9 2 2 2 2 2 2
left_child=-1 4 3 6 5 -2 -3 -4 9 -8
right_child=1 2 7 -5 -6 -7 8 -9 -10 -11
leaf_value=-0.026359566946777626 -0.015256385404995989 -0.021572145849858154 0.042247993539920578 -0.02893717869572341 0.10251302699761589 0.2013434341929122 -0.021573036629574521 0.09470982779930498 0.093416620179977677 0.077499310590139675
leaf_weight=33.088977297767997 4.9361269809305659 7.9006058033555737 27.57003755774349 74.185788995586336 1031.5385077008978 48.678899408318102 7.3916496671736267 452.23884770739824 52.099606057628989 17.659443791024387
leaf_count=3229 330 221 161 2390 416 612 130 502 70 32
internal_value=0.0933762 0.0957436 0.0743752 0.0241343 0.106272 0.181802 0.0654117 0.0921622 0.0830525 0.0495412
internal_weight=1757.29 1724.2 639.046 159.237 1085.15 53.615 85.0513 479.809 77.1507 25.0511
internal_count=8093 4864 3506 2843 1358 942 453 663 232 162
cat_boundaries=0 9 17
cat_threshold=67141632 0 81928 79691784 0 268435456 1140850688 2594357760 1 0 0 0 0 0 1048576 1024 1074790400
is_linear=0
shrinkage=0.03


Tree=10
num_leaves=12
num_cat=2
split_feature=48 0 4 31 20 28 20 3 20 48 48
split_gain=505.149 278.461 211.975 124.932 270.788 164.708 218.719 107.703 28.5696 30.5701 8.20925
threshold=29.709235435623892 4012.5000000000005 0 0.0027413826386396647 106.50000000000001 2.5000000000000004 3.5000000000000004 1 1.0000000180025095e-35 6012.8199381415579 108.40935238801573
decision_type=2 2 9 2 2 2 2 9 2 2 2
left_child=-1 -2 7 4 -4 8 -7 -3 9 -5 -10
right_child=1 2 3 5 -6 6 -8 -9 10 -11 -12
leaf_value=-0.026261758471012427 0.20519296225218731 0.048258955084914471 -0.015393298332805132 0.04409269982917334 0.21505892354692985 0.10380394507522502 -0.025834070794793659 -0.023920779152975961 0.065990482212687579 0.088431351489207208 0.092709726199287093
leaf_weight=32.224923200905323 16.585467017255723 19.27986428886652 5.0799351008608946 56.477491959929466 15.706203719601035 14.06229570135474 26.579603856429458 27.985500282607973 67.475063968449831 34.661587834358215 1502.5392774622887
leaf_count=3217 167 32 432 151 110 56 2139 594 280 5 934
internal_value=0.0879018 0.0900287 0.0883745 0.0899095 0.166674 0.0890131 0.025479 0.0100548 0.0904864 0.0646775 0.0917745
internal_weight=1818.66 1786.43 1769.85 1722.58 20.7861 1701.8 40.6419 47.2654 1661.15 91.1391 1570.01
internal_count=8117 4900 4733 4107 542 3565 2195 626 1370 156 1214
cat_boundaries=0 2 10
cat_threshold=0 6784 0 0 0 0 0 0 0 131072
is_linear=0
shrinkage=0.03


Tree=11
num_leaves=11
num_cat=1
split_feature=48 26 4 48 8 25 31 20 8 48
split_gain=451.082 74.7438 299.656 206.9 274.802 166.56 109.285 287.757 11.2294 6.36532
threshold=29.709235435623892 0.94621138612552091 0 127.8277825093012 0.38333333333333336 1822.1283333333333 0.011381464472145367 123.50000000000001 0.55000000000000016 2809.7233245353373
decision_type=2 2 9 2 2 2 2 2 2 2
left_child=-1 2 5 4 -3 -2 7 -4 -8 -5
right_child=1 3 6 9 -6 -7 8 -9 -10 -11
leaf_value=-0.026168991304001337 0.064594897324387668 0.21478707904654795 -0.026037270477963677 0.080609909399402407 0.057699125883607219 -0.032088373682218833 0.07350373515027786 0.12915723649779579 0.089620921393038538 0.093166372450772833
leaf_weight=31.468028037808836 20.207958427257836 25.692373066209257 27.969414812512696 555.91339217592031 22.226569124497473 39.117617709562182 271.95549578778446 11.283965907990931 466.9373720549047 539.64412479102612
leaf_count=3225 62 60 1892 877 163 1092 238 125 291 135
internal_value=0.0829163 0.0847107 0.0760977 0.0906601 0.15426 0.00286097 0.080562 0.028128 0.0842228 0.0871901
internal_weight=2012.42 1980.95 837.472 1143.48 47.9189 59.3256 778.146 39.2534 738.893 1095.56
internal_count=8160 4935 3700 1235 223 1154 2546 2017 529 1012
cat_boundaries=0 2
cat_threshold=1073741832 6785
is_linear=0
shrinkage=0.03


Tree=12
num_leaves=9
num_cat=1
split_feature=48 1 44 31 31 3 20 20
split_gain=495.104 117.125 119.826 89.7827 175.47 329.919 150.014 10.7491
threshold=47.886069415063226 2.5000000000000004 1.0000000180025095e-35 0.0026797627989971896 0.011381464472145367 0 106.50000000000001 36.500000000000007
decision_type=2 2 2 2 2 9 2 2
left_child=-1 3 -3 6 5 -5 -2 -6
right_child=1 2 -4 4 7 -7 -8 -9
leaf_value=-0.026920464884917412 -0.013725204795761661 0.06656455109113453 -0.030033152478976533 0.087003907785482004 0.074989621038041659 -0.02341259924782526 0.16702070572838956 0.08482147869862261
leaf_weight=39.136368872597814 4.0716920755803612 19.108183197677135 18.043785612098873 29.6897491235286 910.23713924176991 46.069599037989974 20.524806560948491 801.54848000779748
leaf_count=3897 319 3 289 166 597 2508 64 227
internal_value=0.0757184 0.0779573 0.021652 0.0790489 0.0778247 0.0304409 0.139836 0.079827
internal_weight=1888.43 1849.29 37.152 1812.14 1787.54 75.7593 24.5965 1711.79
internal_count=8070 4173 292 3881 3498 2674 383 824
cat_boundaries=0 8
cat_threshold=0 0 0 0 0 0 67108864 8388608
is_linear=0
shrinkage=0.03


Tree=13
num_leaves=14
num_cat=0
split_feature=31 42 16 28 28 20 24 16 24 6 6 6 6
split_gain=188.835 138.19 123.978 46.8662 396.03 165.828 56.5054 135.831 85.4434 216.634 13.3353 4.56641 5.52887
threshold=0.0021105084644463374 0.11272900561262313 914791.6987067624 34.500000000000007 3.5000000000000004 106.50000000000001 0.052758973211088321 762072.85705845885 0.2556097047993694 14.500000000000002 7.5000000000000009 8.5000000000000018 16.500000000000004
decision_type=2 2 2 2 2 2 2 2 2 2 2 2 2
left_child=-1 3 -3 4 6 -5 7 -2 9 -8 -10 -12 -13
right_child=1 2 -4 5 -6 -7 8 -9 10 -11 11 12 -14
leaf_value=-0.023116435451958517 0.066138621744699866 -0.029396396601830955 0.064816979220141943 -0.015934136228974338 -0.026327089939465833 0.15144778427420627 0.069569657765998119 0.17062965926111517 0.058418135340766085 -0.030695899440790448 0.096277548699412491 0.063182221699734559 0.077677547298983532
leaf_weight=15.937491090036927 42.135866892524064 21.597902059555054 19.394152821972966 5.5013429000973728 32.15968918427825 22.550639673136175 62.345145709812641 20.045676631852984 115.8634431483224 23.878558033145964 84.432611737400293 178.29426998179406 1344.7693895911798
leaf_count=1667 212 564 27 557 3130 62 109 17 189 409 26 249 966
internal_value=0.0735394 0.0743766 0.0173785 0.075538 0.0745499 0.121177 0.0763486 0.110016 0.0748918 0.0416419 0.0764301 0.0775432 0.076193
internal_weight=1988.91 1972.97 40.9921 1931.98 1903.92 28.052 1871.76 62.1815 1809.58 86.2237 1723.36 1607.5 1523.06
internal_count=8184 6517 591 5926 5307 619 2177 229 1948 518 1430 1241 1215
is_linear=0
shrinkage=0.03


Tree=14
num_leaves=14
num_cat=1
split_feature=48 0 48 4 17 28 0 2 6 28 15 26 20
split_gain=330.135 172.186 81.518 867.113 132.891 175.832 50.3298 40.9561 58.934 43.737 21.5656 56.8844 3.28996
threshold=29.709235435623892 2525.0000000000005 917.64620694648954 0 -0.010423815479021398 1.0000000180025095e-35 29004.000000000004 1.5000000000000002 148.50000000000003 2.5000000000000004 0.36315587822529644 0.66488576334320582 1.0000000180025095e-35
decision_type=2 2 2 9 2 2 2 2 2 2 2 2 2
left_child=-1 -2 3 4 5 6 10 9 -9 -6 11 -3 -4
right_child=1 2 12 -5 7 -7 -8 8 -10 -11 -12 -13 -14
leaf_value=-0.025977387364767106 0.15063114292451027 0.0396406839045493 0.054544031644148637 -0.031495904725517936 0.08187866637712117 -0.024658710681957498 0.070288049450648413 -0.02201448241988508 0.063182060352482056 0.12721039418277275 0.05627273975488143 -0.02804910391590959 0.075052404798884753
leaf_weight=29.954764949157834 22.636459592729807 27.903113326989114 71.569186508655548 79.892639405094087 231.41985649522394 20.26209456846118 187.0918752104044 7.3734288616105941 20.046901506371796 41.598165105096996 21.619412960484624 12.641498379409311 1246.7509494768456
leaf_count=3256 11 62 72 1877 121 1432 77 191 26 262 21 103 678
internal_value=0.0691944 0.0706879 0.0693891 0.0592399 0.0714274 0.0553197 0.0621782 0.0870737 0.0404105 0.0909492 0.034355 0.0177732 0.0741493
internal_weight=2020.76 1990.81 1968.17 649.849 569.956 269.518 249.256 300.438 27.4203 273.018 62.164 40.5446 1318.32
internal_count=8189 4933 4922 4172 2295 1695 263 600 217 383 186 165 750
cat_boundaries=0 2
cat_threshold=1115684920 1164304
is_linear=0
shrinkage=0.03


Tree=15
num_leaves=9
num_cat=4
split_feature=3 3 12 4 4 9 24 12
split_gain=233.872 629.783 335.496 119.425 130.553 58.6237 27.0808 47.1737
threshold=0 1 25135.952011161306 2 3 0.21640303898368404 0.052758973211088321 361208.27717617509
decision_type=9 9 2 9 9 2 2 2
left_child=6 3 -3 -2 5 -5 7 -1
right_child=1 2 -4 4 -6 -7 -8 -9
leaf_value=0.055155630554286114 0.069710748641889989 0.059122495548020376 -0.035539646636959715 -0.021330090858352607 -0.024796555194422903 0.064804460096732686 0.074814855470971581 0.13716393845860977
leaf_weight=22.06213017180562 537.7261580908671 43.883062901906669 103.68549125734717 5.9123192401602855 29.585622775368392 41.767746625468135 1411.540278240107 24.648520122282207
leaf_count=218 905 93 3762 185 732 173 2130 11
internal_value=0.0677454 0.0504795 -0.00598243 0.0638475 0.018343 0.0446394 0.0757085 0.107509
internal_weight=2220.81 762.56 147.569 614.992 77.2657 47.6801 1458.25 46.7107
internal_count=8209 5850 3855 1995 1090 358 2359 229
cat_boundaries=0 9 18 20 22
cat_threshold=67108864 524288 81928 81788936 0 269484032 67633152 2326184448 1 8454144 6291456 33554560 134219776 71303298 134217792 1186 1880096800 2 62 32768 1073741824 16384
is_linear=0
shrinkage=0.03


Tree=16
num_leaves=14
num_cat=2
split_feature=4 3 29 0 23 20 22 0 15 15 15 15 15
split_gain=246.113 183.999 435.309 234.441 205.777 67.2769 201.943 25.575 5.14105 1.05019 0.55588 27.3476 47.2422
threshold=0 1 1.0000000180025095e-35 59150.000000000007 -15724.706924315618 148.50000000000003 172306.55555555559 6000.2150000000011 0.28270113053819462 0.43506785348026117 0.16346730927746128 0.10621655496820911 0.14886313952118077
decision_type=9 9 2 2 2 2 2 2 2 2 2 2 2
left_child=-1 7 -3 4 5 6 -4 8 -2 -10 11 -9 -13
right_child=1 2 3 -5 -6 -7 -8 10 9 -11 -12 12 -14
leaf_value=-0.024206404938594765 0.065259592404217859 -0.028206369985535312 -0.032392645951684271 0.065997365871248173 -0.034897503638864326 0.072484784951082223 0.062979872804384288 0.06617357335760532 0.11725129203267511 0.061032175983757625 0.073501350010347077 -0.023980887005734641 0.04846804871587642
leaf_weight=26.735088755842298 43.646322366781533 57.43073237221688 30.984736302867532 490.06087374687195 38.147384261712432 38.502470435574651 41.290177818387747 316.94303109124303 44.124860715121031 20.192882478237152 825.60249681398273 7.9281657268293229 22.531010175123811
leaf_count=832 497 4706 320 173 304 9 12 384 135 44 593 166 55
internal_value=0.0632863 0.0643249 0.0482263 0.0560105 0.0220708 0.0423483 0.0226426 0.0724177 0.0927035 0.105277 0.0707797 0.0633607 0.028888
internal_weight=2004.12 1977.39 696.416 638.986 148.925 110.777 72.2749 1280.97 107.964 64.3177 1173 347.402 30.4592
internal_count=8230 7398 5524 818 645 341 332 1874 676 179 1198 605 221
cat_boundaries=0 2 11
cat_threshold=0 2881 67141632 0 83968 213909512 0 1048576 67108866 2594357760 1
is_linear=0
shrinkage=0.03


Tree=17
num_leaves=18
num_cat=0
split_feature=48 25 27 13 26 26 25 41 0 43 23 27 48 48 48 43 20
split_gain=358.903 40.3151 141.018 46.3289 154.7 28.7992 77.4247 24.9511 61.0321 66.5957 108.606 53.142 29.0526 77.029 89.0504 45.9004 80.0685
threshold=47.886069415063226 12456.134615384619 158.99125000000004 884199655.26166511 0.24810332116710762 0.17743296669442601 10030.863095238097 0.025978407557354928 39516.000000000007 1.0000000180025095e-35 15703.221584385765 882.2965277777779 137.82578262653573 463.25165322357378 143.27999163267444 0.21447270007479433 201.50000000000003
decision_type=2 2 2 2 2 2 2 2 2 2 2 2 2 2 2 2 2
left_child=-1 2 3 -2 5 6 -5 11 9 -9 -11 12 15 14 -14 -3 -17
right_child=1 7 -4 4 -6 -7 -8 8 -10 10 -12 -13 13 -15 -16 16 -18
leaf_value=-0.026839992370836955 0.071401437695123457 0.094020399964040019 -0.029757164804359845 -0.027989388882856736 -0.030518762580923502 0.063291388230823517 0.055506233488812076 0.053969445865978696 0.062902310765537983 -0.032931571319539062 0.050539430530703429 0.11470136414056167 0.056115360906849869 0.06615959714278126 -0.026495556634619173 -0.022548152594935575 0.070569204740509664
leaf_weight=37.989348803181201 101.29467592714354 105.79785355133936 15.956400903873144 12.409007793292401 19.942028399556875 83.952844381332397 20.713072525337338 70.848712678998709 735.14841562509537 24.57461036555469 21.819987550377846 27.922085026279092 20.560484778136015 841.30857870681211 17.584101155400276 9.850125456228854 18.507397664710879
leaf_count=3956 88 347 243 327 418 93 18 78 260 146 9 32 34 920 727 459 3
internal_value=0.0616097 0.0632325 0.0492722 0.0550665 0.0409016 0.0538187 0.0246568 0.0649721 0.0595202 0.0366077 0.00742351 0.0691283 0.0673161 0.0642514 0.0193757 0.0843756 0.0396929
internal_weight=2186.18 2148.19 254.268 238.312 137.017 117.075 33.1221 1893.92 852.392 117.243 46.3946 1041.53 1013.61 879.453 38.1446 134.155 28.3575
internal_count=8158 4202 1187 944 856 438 345 3015 493 233 155 2522 2490 1681 761 809 462
is_linear=0
shrinkage=0.03


Tree=18
num_leaves=17
num_cat=1
split_feature=4 48 1 24 20 31 17 12 25 5 25 12 12 24 24 27
split_gain=257.903 233.059 47.4134 83.901 40.286 175.529 37.0867 22.5784 88.4743 21.7936 69.3754 83.3361 22.9584 25.4655 95.5699 15.0839
threshold=0 29.709235435623892 2.5000000000000004 14.112120443153538 54.500000000000007 0.0088443091267063675 0.1884120894695718 411940.45602616208 333538.16376623377 1.5000000000000002 91832.04545454547 41488.176869977186 411940.45602616208 0.32250481753168175 0.12106685033491636 21.94069444444445
decision_type=9 2 2 2 2 2 2 2 2 2 2 2 2 2 2 2
left_child=-1 -2 4 -4 5 -3 9 8 -8 10 11 -7 13 14 -11 -6
right_child=1 2 3 -5 15 6 7 -9 -10 12 -12 -13 -14 -15 -16 -17
leaf_value=-0.024756165633172053 -0.025297254450835433 -0.024377018372877746 -0.028988967541776187 0.056093645360211879 0.059379844291195603 0.044955064236686916 -0.031908708531944559 0.054519777908369732 0.050658363327203117 0.054806623409214696 0.059596316525918555 -0.032092265722695176 0.076521952424634693 0.061494227474857957 -0.027666427778390509 0.074051486177239015
leaf_weight=29.671282217372209 25.264187234453857 20.054869615938514 13.663189639337359 20.310728362761438 261.57047081645578 23.162806722335517 16.590913416817784 20.439373016357422 21.144576482474804 45.360038541257381 87.092683656141162 18.231481466442347 171.57506069168448 851.23206862062216 13.43258788064122 498.46487113460898
leaf_count=922 2869 1883 228 2 427 29 160 1 5 103 62 171 64 675 151 404
internal_value=0.0597287 0.0608032 0.0621972 0.022547 0.0627984 0.0586368 0.06004 0.0320136 0.0148706 0.0612501 0.0450148 0.0112193 0.0629627 0.0600021 0.0352721 0.0694232
internal_weight=2137.26 2107.59 2082.33 33.9739 2048.35 1288.32 1268.26 58.1749 37.7355 1210.09 128.487 41.3943 1081.6 910.025 58.7926 760.035
internal_count=8156 7234 4365 230 4135 3304 1421 166 165 1255 262 200 993 929 254 831
cat_boundaries=0 2
cat_threshold=1073741824 6656
is_linear=0
shrinkage=0.03


Tree=19
num_leaves=12
num_cat=3
split_feature=48 4 3 45 48 25 18 3 18 26 27
split_gain=241.653 84.8896 265.87 160.147 82.1435 116.063 66.6977 33.211 318.355 136.157 22.7175
threshold=29.709235435623892 0 1 1.9785045165607229 591.94536041304184 1822.1283333333333 7.8875721249046897 2 10.598568536798552 4.4151965183676323 21.94069444444445
decision_type=2 9 9 2 2 2 2 9 2 2 2
left_child=-1 6 4 -4 5 -3 -2 10 9 -9 -8
right_child=1 2 3 -5 -6 -7 7 8 -10 -11 -12
leaf_value=-0.025695796613821525 0.11060346293910325 0.058703969655315442 -0.036516716894637251 0.052967758858165549 0.05946469263386004 -0.030198673049678774 0.060151508206474809 -0.03306286554014129 0.058455868923383329 0.04935096307166565 0.073030814330983213
leaf_weight=27.932792229577899 29.495329281315207 20.491660819854587 56.15764881297946 20.642345815896988 302.48121881764382 22.900735101662576 424.38602760573849 51.679465611465275 618.1984379296191 21.544185779057443 677.02880882238969
leaf_count=3258 4 29 1124 8 176 580 234 1428 985 13 329
internal_value=0.058182 0.0592804 0.0412707 -0.00953223 0.0524787 0.0135124 0.062764 0.0620206 0.0507708 -0.00721015 0.0677502
internal_weight=2272.94 2245.01 422.674 76.8 345.874 43.3924 1822.33 1792.84 691.422 73.2237 1101.41
internal_count=8168 4910 1917 1132 785 609 2993 2989 2426 1441 563
cat_boundaries=0 2 10 18
cat_threshold=272629821 99376 67108864 0 0 0 0 64 0 3231859200 32768 0 81928 216006664 0 269484032 524288 3132407808
is_linear=0
shrinkage=0.03


Tree=20
num_leaves=13
num_cat=2
split_feature=28 3 48 16 3 0 20 25 10 41 16 41
split_gain=461.644 65.959 193.141 202.465 135.202 27.1437 13.1046 62.5194 10.2641 6.32115 5.25941 4.85354
threshold=3.5000000000000004 0 534.60968340381487 47184.44165795033 1 5412.5000000000009 109.50000000000001 333538.16376623377 0.11159003831417622 0.080128205128205135 423499.60690608207 0.012903762903762906
decision_type=2 9 2 2 9 2 2 2 2 2 2 2
left_child=1 5 3 6 -5 -1 7 -3 11 10 -7 -4
right_child=-2 2 8 4 -6 9 -8 -9 -10 -11 -12 -13
leaf_value=0.08682782093706809 -0.027936504420445565 -0.024280244709931783 0.04634210050271495 0.039892710858585624 -0.030731529485343582 0.06128948422083233 0.065678341641337609 0.055882189673181509 0.055808392604061834 0.053571861167130967 0.07354333393209668 0.021250287677823991
leaf_weight=73.887570839375257 55.554443978238851 9.8370796344243008 22.957804823294282 20.501254824921489 69.651679902803153 741.96531709842384 40.706146268174052 20.455964148044586 644.66484635137022 269.23443007469177 213.2185213342309 31.487609028816223
leaf_count=183 5748 156 52 3 1092 286 29 2 408 111 49 49
internal_value=0.0553757 0.0575795 0.0470793 0.0173272 -0.0124561 0.0634814 0.0534768 0.0300991 0.0544343 0.0622415 0.0643935 0.0348386
internal_weight=2214.12 2158.57 860.262 161.152 90.1529 1298.31 70.9992 30.293 699.11 1224.42 955.184 54.4454
internal_count=8168 2420 1791 1282 1095 629 187 158 509 446 335 101
cat_boundaries=0 9 15
cat_threshold=0 524288 8 211812360 0 268435456 1141374976 2592522752 1 0 0 0 0 0 1048576
is_linear=0
shrinkage=0.03


Tree=21
num_leaves=13
num_cat=3
split_feature=28 4 3 48 4 21 23 27 9 48 48 48
split_gain=223.911 144.6 51.5721 280.623 217.431 49.6344 98.9717 4.79147 13.8176 0.933082 24.377 18.9783
threshold=3.5000000000000004 0 1 702.43083113383432 2 109.50000000000001 -322583.33333333331 18.772638888888892 0.4285714285714286 1845.42316798357 1073.4920510406864 1180.9624326097503
decision_type=2 9 9 2 9 2 2 2 2 2 2 2
left_child=2 -2 7 4 5 6 -4 -1 -9 10 -5 -12
right_child=1 -3 3 9 -6 -7 -8 8 -10 -11 11 -13
leaf_value=0.055758879590205729 0.052685016795399102 -0.023736638958005783 0.055058953265210223 0.053741016776069149 -0.030103565458708056 0.062984293379643327 -0.029955478544272184 0.059293388713170816 0.071860332981642835 0.057387328469160372 0.046196675770974707 0.011403973132974084
leaf_weight=517.36493014451116 18.147182126995176 53.076305005233735 20.394317626953125 157.04326930828393 64.254748905543238 41.293545315042138 19.468200987204909 582.85975529020652 317.10975527111441 430.44355355575681 23.261384446173906 37.406369917094707
leaf_count=233 96 5664 1 129 1027 20 283 310 128 144 34 108
internal_value=0.0541911 0.00171151 0.055874 0.0453663 0.00794586 0.0372415 0.0148281 0.0608305 0.064094 0.0543309 0.0471353 0.027246
internal_weight=2282.12 71.2235 2210.9 793.565 145.411 81.1561 39.8625 1417.33 899.97 648.155 217.711 60.6678
internal_count=8177 5760 2417 1746 1331 304 284 671 438 415 271 142
cat_boundaries=0 2 11 13
cat_threshold=0 1024 32768 524288 81928 211812360 0 1048576 1141374976 2593309184 1 10 32768
is_linear=0
shrinkage=0.03


Tree=22
num_leaves=12
num_cat=1
split_feature=48 3 29 25 45 24 20 31 24 8 48
split_gain=198.563 108.056 267.575 88.4328 165.425 100.705 142.975 23.0739 169.356 6.7094 2.19683
threshold=29.709235435623892 0 1.0000000180025095e-35 61946.580619747903 0.25765920826161798 1.184077420829478 201.50000000000003 0.010387844557910452 1.7082537224624723 0.28333333333333338 298.9295575776593
decision_type=2 9 2 2 2 2 2 2 2 2 2
left_child=-1 7 -3 4 -4 6 -6 8 -2 -10 -9
right_child=1 2 3 -5 5 -7 -8 10 9 -11 -12
leaf_value=-0.025421599872773107 -0.021505662629654629 -0.027786354348581586 -0.035121059512099866 0.053116255704115399 -0.034003559219890116 0.052038568687247093 0.058521844885842639 0.06493745683788725 0.10784995307389156 0.065007813865751302 0.05608027854800432
leaf_weight=26.134468837175518 11.671213612426071 43.291254026349634 27.384777843952179 531.40334054268897 32.6138189220801 139.18840687163174 20.050485610961914 316.36585995927453 46.67316036298871 43.571108842268586 980.67050424404442
leaf_count=3251 815 2761 172 189 246 96 1 171 69 206 212
internal_value=0.0528002 0.0537882 0.0416634 0.0463775 0.0292233 0.0390665 0.00324285 0.0597738 0.0783041 0.0916638 0.0584817
internal_weight=2219.02 2192.88 793.932 750.641 219.237 191.853 52.6643 1398.95 101.915 90.2443 1297.04
internal_count=8189 4938 3465 704 515 343 247 1473 1090 275 383
cat_boundaries=0 8
cat_threshold=67141632 524288 18440 73400328 0 1048576 67633152 2327233024
is_linear=0
shrinkage=0.03


Tree=23
num_leaves=13
num_cat=1
split_feature=48 29 3 41 6 25 48 21 48 15 15 48
split_gain=271.313 58.2935 290.491 29.8571 66.9678 34.8383 88.6306 21.6926 66.6992 20.7711 28.3896 24.2655
threshold=59.322060226104206 1.0000000180025095e-35 0 0.025320512820512824 37.500000000000007 66025.000000000015 1466.0139201871241 106.50000000000001 8707.7236120223279 0.15299179248472214 0.023617863974498603 127.8277825093012
decision_type=2 2 9 2 2 2 2 2 2 2 2 2
left_child=-1 2 7 -3 9 6 -6 8 -2 10 -5 -12
right_child=1 3 -4 4 5 -7 -8 -9 -10 -11 11 -13
leaf_value=-0.026844521355397562 -0.020503406602664094 0.056602704684983032 -0.024227688253788741 0.047052584111345039 -0.034229097211579254 0.038293330579708164 0.041685560612261273 0.091957030887230354 0.06788194721487982 0.053440970364606204 0.041517358798626267 0.0047509255518175392
leaf_weight=37.793753144331276 8.5397959966212529 1087.1848429441452 51.006478776223958 140.9423156157136 23.840245716273785 49.462337218225002 21.631430551409721 33.76459330599755 18.833330154418945 658.52179714292288 23.829852603375912 40.17687763273716
leaf_count=4254 247 266 2718 92 138 40 5 11 1 247 23 90
internal_value=0.0499534 0.0513575 0.0282194 0.0525541 0.0476916 0.0220997 0.00243643 0.0644217 0.0413998 0.0503618 0.0394312 0.0204556
internal_weight=2195.53 2157.73 112.144 2045.59 958.405 94.934 45.4717 61.1377 27.3731 863.471 204.949 64.0067
internal_count=8132 3878 2977 901 635 183 143 259 248 452 205 113
cat_boundaries=0 8
cat_threshold=0 0 0 4194304 0 0 0 10485760
is_linear=0
shrinkage=0.03


Tree=24
num_leaves=11
num_cat=1
split_feature=48 3 29 48 20 23 31 8 26 14
split_gain=232.232 88.6831 234.903 122.975 143.527 256.554 16.3377 124.65 10.9203 4.08046
threshold=47.886069415063226 0 1.0000000180025095e-35 702.43083113383432 109.50000000000001 -213928.34841628952 0.010387844557910452 0.68333333333333346 1.0676023965103436 24836.830708758589
decision_type=2 9 2 2 2 2 2 2 2 2
left_child=-1 6 -3 4 5 -4 7 8 -2 -5
right_child=1 2 3 9 -6 -7 -8 -9 -10 -11
leaf_value=-0.026403525830455056 0.049641897107507056 -0.027724136518501696 0.053098528295162706 0.041382942386052723 0.053838612730915621 -0.0366784999017691 0.054963453655686369 -0.020802358548335106 0.098403947681426324 0.052812245544126446
leaf_weight=33.431078730616719 24.072780019138008 40.769739119336009 42.657772481441498 166.35778275132179 65.912991151213646 66.822451200336218 1193.6217256644741 9.1285601272247714 49.658213825896382 431.03289505839348
leaf_count=4012 316 2416 8 99 30 411 327 383 81 98
internal_value=0.0488417 0.0501054 0.0393026 0.0434995 0.0205888 -0.000906551 0.0560661 0.0742993 0.0866471 0.0499994
internal_weight=2123.47 2090.03 813.554 772.784 175.393 109.48 1276.48 82.8596 73.731 597.391
internal_count=8181 4169 3062 646 449 419 1107 780 397 197
cat_boundaries=0 9
cat_threshold=67141632 0 18440 216006664 0 1048576 1140850722 2323956224 1
is_linear=0
shrinkage=0.03


Tree=25
num_leaves=12
num_cat=2
split_feature=4 6 30 21 24 3 0 26 16 16 12
split_gain=134.954 163.039 76.1109 230.824 71.9025 25.5635 90.8992 208.961 52.8588 135.056 7.86841
threshold=0 113.50000000000001 1.2424533248940004 106.50000000000001 1.7747462037836417 1 59150.000000000007 0.733340240916732 47184.44165795033 1058572.1234648742 361208.27717617509
decision_type=9 2 2 2 2 9 2 2 2 2 2
left_child=1 -1 5 -4 -5 10 7 -7 -9 -10 -2
right_child=2 -3 3 4 -6 6 -8 8 9 -11 -12
leaf_value=-0.035819624611826494 0.054137293036151973 0.044303847040389248 -0.027603523307383724 -0.016920759482684376 0.080572152647814671 -0.034026475860794471 0.049080460901462869 0.055269759034131151 -0.031695670466035886 0.049187972870900147 0.064592724438164398
leaf_weight=38.395524413790554 1083.3261077329516 43.446041733492166 42.107820049393922 6.2795378947630516 37.087338246870786 39.599506542086601 599.2921150829643 85.987612870987505 26.104205473791808 42.66832407284528 254.4807259356603
leaf_count=1145 406 61 4297 783 112 442 324 63 515 16 52
internal_value=0.0489199 0.0061124 0.0502293 0.0209989 0.0661653 0.0515847 0.0426996 0.0244289 0.0399831 0.0184193 0.0559426
internal_weight=2298.77 81.8416 2216.93 85.4747 43.3669 2131.46 793.652 194.36 154.76 68.7725 1337.81
internal_count=8216 1206 7010 5192 895 1818 1360 1036 594 531 458
cat_boundaries=0 2 11
cat_threshold=0 7104 67141632 524288 81928 144703496 0 269484032 1074266114 3397698048 1
is_linear=0
shrinkage=0.03


Tree=26
num_leaves=23
num_cat=1
split_feature=48 4 6 0 21 27 31 0 6 1 13 23 27 27 21 21 48 23 31 48 27 27
split_gain=157.779 61.1183 130.204 37.8213 18.6383 16.3776 46.954 12.7338 43.7904 8.58815 6.03698 55.7288 5.78156 26.8084 65.0199 8.09154 44.2022 97.4398 55.6881 108.472 7.21241 2.9245
threshold=29.709235435623892 0 113.50000000000001 2525.0000000000005 1.0000000180025095e-35 0.062083333333333345 0.056836009926690821 563000.00000000012 26.500000000000004 2.5000000000000004 143422103.8894439 252682.17356166852 1127.8291666666669 510.9187500000001 38.500000000000007 62.500000000000007 108.40935238801573 2251.2640449438209 0.011381464472145367 8707.7236120223279 19.744583333333338 2.2006944444444447
decision_type=2 9 2 2 2 2 2 2 2 2 2 2 2 2 2 2 2 2 2 2 2 2
left_child=-1 2 -2 -3 7 6 -6 8 -5 12 -11 -12 13 15 -15 16 17 -7 19 -18 21 -17
right_child=1 3 -4 4 5 9 -8 -9 -10 10 11 -13 -14 14 -16 20 18 -19 -20 -21 -22 -23
leaf_value=-0.02497390542218603 -0.034834936660575896 0.083016146520010548 0.044121393711637237 0.0038177602238687724 -0.026572245308195408 -0.028335442848710549 0.043759695265529308 0.049519174617829474 0.044755502393097862 0.044079782699974042 -0.02940105549815878 0.043404204927157408 0.0621181117156809 -0.029477655915453496 0.046974259084999033 0.046302189776071818 -0.026304904624028756 0.053618345310747786 0.050092188160116347 0.058786581278880166 0.057063405973402481 0.024984617564801904
leaf_weight=23.621432384941727 26.355218880809844 35.816351955756545 42.825795496348292 44.629415195435286 8.8203017637133616 20.54809642303735 20.500375747680664 41.940395295619965 47.227216696366668 20.581497192382812 10.578478615731003 20.996086461469531 118.44712458923459 12.027168384753166 20.950931658968329 85.564652435481548 24.619868610054255 22.395071804523468 1175.7380043789744 20.170613827183843 501.19114619446918 28.782975229434669
leaf_count=3232 524 9 40 130 204 1066 1 5 40 2 181 8 44 254 12 114 1253 149 325 6 363 209
internal_value=0.0479079 0.0486917 0.0120916 0.0495032 0.0490054 0.0498111 0.0218134 0.034953 0.0260894 0.050152 0.0314567 0.0183274 0.0505538 0.0496773 0.0188821 0.0501662 0.0477671 0.0155384 0.0488331 0.0140699 0.054666 0.0422078
internal_weight=2374.33 2350.71 69.181 2281.53 2245.71 2111.91 29.3207 133.797 91.8566 2082.59 52.1561 31.5746 2030.44 1911.99 32.9781 1879.01 1263.47 42.9432 1220.53 44.7905 615.539 114.348
internal_count=8171 4939 564 4375 4366 4191 205 175 170 3986 191 189 3795 3751 266 3485 2799 1215 1584 1259 686 323
cat_boundaries=0 2
cat_threshold=0 6272
is_linear=0
shrinkage=0.03


Tree=27
num_leaves=13
num_cat=1
split_feature=48 3 29 41 22 1 5 48 24 41 48 12
split_gain=144.139 78.3571 253.143 99.5612 161.332 60.3218 135.505 20.7277 34.0384 121.981 12.9861 6.33409
threshold=29.709235435623892 0 1.0000000180025095e-35 0.29166666666666669 50009.159090909096 1.5000000000000002 7.5000000000000009 917.64620694648954 1.2333907967205955 0.012579113924050636 127.8277825093012 64893.155601965795
decision_type=2 9 2 2 2 2 2 2 2 2 2 2
left_child=-1 10 -3 5 -5 7 -7 8 9 -4 11 -2
right_child=1 2 3 4 -6 6 -8 -9 -10 -11 -12 -13
leaf_value=-0.024832262285069708 0.036091719273563416 -0.028075791352510024 0.045259578809981119 -0.040474332627706916 0.042585423857536331 0.040677274599701649 -0.036875138469155425 0.050817333569357609 0.04617337248592656 -0.03297105738971591 0.051078926933779266 0.068938607987071604
leaf_weight=22.906547582708299 24.686404372565448 46.513762610498816 44.260052570141852 31.445684811100364 45.060851253569126 69.182926990091801 23.514655489474535 539.51744362711906 112.60363848134875 23.796625809744 1056.6923395129852 125.20127998897806
leaf_count=3221 136 3120 26 179 21 47 148 69 58 183 685 296
internal_value=0.0456796 0.0464895 0.0373939 0.0413738 0.00805761 0.044441 0.0201241 0.0474106 0.0361423 0.0175211 0.0526183 0.0648685
internal_weight=2165.38 2142.48 935.896 889.382 76.5065 812.875 92.6976 720.178 180.66 68.0567 1206.58 149.888
internal_count=8189 4968 3851 731 200 531 195 336 267 209 1117 432
cat_boundaries=0 9
cat_threshold=67108864 0 81928 146800648 0 268435456 1074266144 2585969152 1
is_linear=0
shrinkage=0.03


Tree=28
num_leaves=16
num_cat=1
split_feature=48 3 29 43 23 41 12 41 16 23 26 25 23 28 13
split_gain=183.471 60.31 191.901 52.4194 164.365 25.368 51.9112 23.7547 84.8845 11.4307 7.94291 25.5597 66.0039 11.1929 25.8404
threshold=47.886069415063226 0 1.0000000180025095e-35 0.2901612903225807 93550.555555555577 0.028991596638655467 135543.77061743129 0.048809523809523817 1337966.0285707747 12368.811086691088 0.4100938629559393 1822.1283333333333 -7449.4347826086951 1.5000000000000002 174799030387.44363
decision_type=2 9 2 2 2 2 2 2 2 2 2 2 2 2 2
left_child=-1 10 -3 5 -5 -4 9 -8 -9 -7 11 -2 -13 -12 -15
right_child=1 2 3 4 -6 6 7 8 -10 -11 13 12 -14 14 -16
leaf_value=-0.026030072856839066 0.050705149055638117 -0.027666711094399662 0.047615993646833166 -0.037431724103953498 0.042890337568350548 0.025816727663188408 0.031604590973470487 -0.039075928877602244 0.035483085898949454 0.046801647497674161 0.049585769427678887 0.037014814778881779 -0.032154990670897554 0.053424196260810478 0.10610707582249974
leaf_weight=30.21545528806746 65.307548585347831 37.397124650422484 386.2846148815006 29.659484079107642 64.645622506737709 56.119555443525314 23.380737744271755 23.300474360585213 21.746155917644501 132.61563691496849 1131.7546429894865 44.013291316572577 12.362004662863908 91.55416846787557 13.611800846178083
leaf_count=3945 63 2296 128 168 18 99 17 120 8 49 304 128 206 563 13
internal_value=0.0439431 0.0449925 0.0353185 0.0391515 0.0170158 0.0422395 0.0334093 0.0100798 -0.0031337 0.0413892 0.0497385 0.0380549 0.0204633 0.0511305 0.0647493
internal_weight=2163.97 2133.75 775.149 737.752 94.3051 643.447 257.163 68.4274 45.0466 188.735 1358.6 121.683 56.3753 1236.92 105.166
internal_count=8125 4180 2903 607 186 421 293 145 128 148 1277 397 334 880 576
cat_boundaries=0 9
cat_threshold=67108864 524288 16392 209715208 0 1048576 1140850690 3233202688 1
is_linear=0
shrinkage=0.03


end of trees

feature_importances:
amount_x_high_fraud_rate=45
amount=26
last_phone_model=24
amount_over_mean_past=20
amount_cum_count=19
cst_amount_deviation=14
target_fraud_rate_past_smooth=14
last_os=13
hours_since_prev_trans=13
target_txn_count_past=13
sessions_unique_30d=10
burstiness=10
amount_diff_mean_past=10
cst_amount_deviation_ratio=10
fano_factor=9
std_interval_30d=8
cst_new_targets_ratio=8
daily_logins_avg_30d=7
target_fraud_rate_past=7
cst_txn_count_past=6
os_ver_count_30d=4
login_freq_change_7_vs_30=4
log_amount=4
target_txn_count_past_log1p=4
cst_night_tx_share=4
var_interval_30d=3
cst_weekend_tx_share=3
phone_model_count_30d=2
sessions_unique_7d=2
ewm_interval_7d=2
zscore_interval_7_vs_30=2
cst_amount_mean_past=2
logins_7d_vs_30d_ratio=2
login_share_7_of_30=1
is_new_phone_model_for_client=1
sessions_7d_vs_30d_ratio=1
amount_x_new_target=1

parameters:
[boosting: gbdt]
[objective: binary]
[metric: auc]
[tree_learner: serial]
[device_type: cpu]
[data_sample_strategy: bagging]
[data: ]
[valid: ]
[num_iterations: 1000]
[learning_rate: 0.03]
[num_leaves: 63]
[num_threads: 0]
[seed: 42]
[deterministic: 0]
[force_col_wise: 0]
[force_row_wise: 0]
[histogram_pool_size: -1]
[max_depth: -1]
[min_data_in_leaf: 50]
[min_sum_hessian_in_leaf: 0.001]
[bagging_fraction: 0.8]
[pos_bagging_fraction: 1]
[neg_bagging_fraction: 1]
[bagging_freq: 1]
[bagging_seed: 400]
[bagging_by_query: 0]
[feature_fraction: 0.8]
[feature_fraction_bynode: 1]
[feature_fraction_seed: 30056]
[extra_trees: 0]
[extra_seed: 12879]
[early_stopping_round: 0]
[early_stopping_min_delta: 0]
[first_metric_only: 0]
[max_delta_step: 0]
[lambda_l1: 0]
[lambda_l2: 5]
[linear_lambda: 0]
[min_gain_to_split: 0.01]
[drop_rate: 0.1]
[max_drop: 50]
[skip_drop: 0.5]
[xgboost_dart_mode: 0]
[uniform_drop: 0]
[drop_seed: 17869]
[top_rate: 0.2]
[other_rate: 0.1]
[min_data_per_group: 100]
[max_cat_threshold: 32]
[cat_l2: 10]
[cat_smooth: 10]
[max_cat_to_onehot: 4]
[top_k: 20]
[monotone_constraints: ]
[monotone_constraints_method: basic]
[monotone_penalty: 0]
[feature_contri: ]
[forcedsplits_filename: ]
[refit_decay_rate: 0.9]
[cegb_tradeoff: 1]
[cegb_penalty_split: 0]
[cegb_penalty_feature_lazy: ]
[cegb_penalty_feature_coupled: ]
[path_smooth: 0]
[interaction_constraints: ]
[verbosity: -1]
[saved_feature_importance_type: 0]
[use_quantized_grad: 0]
[num_grad_quant_bins: 4]
[quant_train_renew_leaf: 0]
[stochastic_rounding: 1]
[linear_tree: 0]
[max_bin: 255]
[max_bin_by_feature: ]
[min_data_in_bin: 3]
[bin_construct_sample_cnt: 200000]
[data_random_seed: 175]
[is_enable_sparse: 1]
[enable_bundle: 1]
[use_missing: 1]
[zero_as_missing: 0]
[feature_pre_filter: 1]
[pre_partition: 0]
[two_round: 0]
[header: 0]
[label_column: ]
[weight_column: ]
[group_column: ]
[ignore_column: ]
[categorical_feature: 3,4]
[forcedbins_filename: ]
[precise_float_parser: 0]
[parser_config_file: ]
[objective_seed: 16083]
[num_class: 1]
[is_unbalance: 0]
[scale_pos_weight: 82.8684]
[sigmoid: 1]
[boost_from_average: 1]
[reg_sqrt: 0]
[alpha: 0.9]
[fair_c: 1]
[poisson_max_delta_step: 0.7]
[tweedie_variance_power: 1.5]
[lambdarank_truncation_level: 30]
[lambdarank_norm: 1]
[label_gain: ]
[lambdarank_position_bias_regularization: 0]
[eval_at: ]
[multi_error_top_k: 1]
[auc_mu_weights: ]
[num_machines: 1]
[local_listen_port: 12400]
[time_out: 120]
[machine_list_filename: ]
[machines: ]
[gpu_platform_id: -1]
[gpu_device_id: -1]
[gpu_use_dp: 0]
[num_gpu: 1]

end of parameters

pandas_categorical:[["ASUS_X00TDB", "GIONEE A1 lite", "Google Pixel 8", "HONOR ALI-NX1", "HONOR CRT-NX1", "HONOR LLY-LX1", "HONOR RKY-LX1", "HONOR VER-N49", "HONOR WDY-LX1", "HONOR WOD-LX1", "HUAWEI AMN-LX9", "HUAWEI FIG-LX1", "HUAWEI PPA-LX1", "HUAWEI STK-LX1", "Honor_brp-nx1", "Honor_dnp-nx9", "Honor_lly-lx1", "Honor_ver-n49", "Huawei_jln-lx1", "Huawei_ppa-lx1", "Huawei_stk-lx1", "Huawei_vog-l29", "Meizu M10", "Motorola_moto_e15", "OPPO CPH1903", "OPPO CPH1923", "OPPO CPH2067", "OPPO CPH2069", "OPPO CPH2083", "OPPO CPH2125", "OPPO CPH2179", "OPPO CPH2239", "OPPO CPH2269", "OPPO CPH2333", "OPPO CPH2363", "OPPO CPH2437", "OPPO CPH2477", "OPPO CPH2481", "OPPO CPH2531", "OPPO CPH2591", "OPPO CPH2603", "OPPO CPH2641", "OPPO CPH2669", "OnePlus BE2029", "Oppo_cph1909", "Oppo_cph1923", "Oppo_cph2179", "Oppo_cph2239", "Oppo_cph2333", "Oppo_cph2363", "Oppo_cph2477", "Oppo_cph2481", "Oppo_cph2531", "Oppo_cph2641", "Realme RMX3771", "Realme RMX3834", "Samsung SM-A022G", "Samsung SM-A057F", "Samsung SM-A065F", "Samsung SM-A105F", "Samsung SM-A125F", "Samsung SM-A127F", "Samsung SM-A135F", "Samsung SM-A155F", "Samsung SM-A165F", "Samsung SM-A235F", "Samsung SM-A256E", "Samsung SM-A315F", "Samsung SM-A320F", "Samsung SM-A325F", "Samsung SM-A336B", "Samsung SM-A346E", "Samsung SM-A356E", "Samsung SM-A505FN", "Samsung SM-A515F", "Samsung SM-A525F", "Samsung SM-A530F", "Samsung SM-A536E", "Samsung SM-A546E", "Samsung SM-A556E", "Samsung SM-A566E", "Samsung SM-A750FN", "Samsung SM-F721B", "Samsung SM-F731B", "Samsung SM-G780G", "Samsung SM-G960F", "Samsung SM-G965F", "Samsung SM-G973F", "Samsung SM-S721B", "Samsung SM-S908B", "Samsung SM-S911B", "Samsung SM-S916B", "Samsung SM-S918B", "Samsung SM-S921B", "Samsung SM-S928B", "Samsung SM-S938B", "Samsung_sm-a057f", "Samsung_sm-a125f", "Samsung_sm-a135f", "Samsung_sm-a165f", "Samsung_sm-a225f", "Samsung_sm-a315f", "Samsung_sm-a325f", "Samsung_sm-a356e", "Samsung_sm-a525f", "Samsung_sm-a536e", "Samsung_sm-a546e", "Samsung_sm-a556e", "Samsung_sm-a730f", "Samsung_sm-a736b", "Samsung_sm-a750fn", "Samsung_sm-f721b", "Samsung_sm-g780g", "Samsung_sm-g965f", "Samsung_sm-s721b", "Samsung_sm-s908b", "Samsung_sm-s911b", "Samsung_sm-s916b", "Samsung_sm-s918b", "Samsung_sm-s921b", "Samsung_sm-s928b", "Samsung_sm-s931b", "Samsung_sm-s938b", "TECNO KL4", "TECNO LG7n", "TECNO LH8n", "Tecno_kl4", "Tecno_lg7n", "Unknown", "Vivo 1920", "Vivo V2026", "Vivo V2027", "Vivo V2058", "Vivo V2061", "Vivo V2111", "Vivo V2116", "Vivo V2120", "Vivo V2154", "Vivo V2201", "Vivo V2237", "Vivo V2254", "Vivo V2322", "Vivo V2332", "Vivo V2339", "Vivo V2342", "Vivo V2352", "Vivo V2419", "Vivo V2424", "Vivo_v2027", "Vivo_v2058", "Vivo_v2109", "Vivo_v2111", "Vivo_v2201", "Vivo_v2202", "Vivo_v2237", "Vivo_v2250", "Vivo_v2322", "Vivo_v2332", "Vivo_v2339", "Vivo_v2342", "Vivo_v2352", "Xiaomi 21081111RG", "Xiaomi 21091116AG", "Xiaomi 21121119SG", "Xiaomi 2201116TG", "Xiaomi 2201117SG", "Xiaomi 2201117TG", "Xiaomi 2203129G", "Xiaomi 220333QAG", "Xiaomi 22071212AG", "Xiaomi 220733SFG", "Xiaomi 2209116AG", "Xiaomi 22120RN86G", "Xiaomi 23021RAA2Y", "Xiaomi 23021RAAEG", "Xiaomi 2303CRA44A", "Xiaomi 23053RN02A", "Xiaomi 2306EPN60G", "Xiaomi 23078PND5G", "Xiaomi 23090RA98G", "Xiaomi 23106RN0DA", "Xiaomi 23117RA68G", "Xiaomi 2311DRK48G", "Xiaomi 23129RAA4G", "Xiaomi 2312CRAD3C", "Xiaomi 2312DRA50G", "Xiaomi 24048RN6CG", "Xiaomi 24069PC21G", "Xiaomi 25028RN03A", "Xiaomi M2003J15SC", "Xiaomi M2004J19C", "Xiaomi M2006C3LG", "Xiaomi M2006C3MG", "Xiaomi M2007J20CG", "Xiaomi M2007J3SG", "Xiaomi M2010J19SG", "Xiaomi M2101K6G", "Xiaomi M2101K7AG", "Xiaomi M2101K9G", "Xiaomi M2102J20SG", "Xiaomi POCO F2 Pro", "Xiaomi Redmi Note 8", "Xiaomi Redmi Note 8 Pro", "Xiaomi Redmi Note 9 Pro", "Xiaomi_21081111rg", "Xiaomi_2201117sg", "Xiaomi_2201117tg", "Xiaomi_2203129g", "Xiaomi_220333qag", "Xiaomi_22071212ag", "Xiaomi_2209116ag", "Xiaomi_22101316g", "Xiaomi_23021raaeg", "Xiaomi_2303cra44a", "Xiaomi_23049rad8c", "Xiaomi_23078pnd5g", "Xiaomi_23090ra98g", "Xiaomi_23106rn0da", "Xiaomi_23117ra68g", "Xiaomi_23129raa4g", "Xiaomi_2312crad3c", "Xiaomi_2312dra50g", "Xiaomi_24048rn6cg", "Xiaomi_24069pc21g", "Xiaomi_m2004j19c", "Xiaomi_m2006c3lg", "Xiaomi_m2006c3mg", "Xiaomi_m2007j3sg", "Xiaomi_m2101k7ag", "Xiaomi_m2101k9g", "Xiaomi_m2102j20sg", "Xiaomi_poco_f2_pro", "Xiaomi_redmi_note_8", "iPhone10,4", "iPhone10,5", "iPhone10,6", "iPhone11,2", "iPhone11,8", "iPhone12,1", "iPhone12,3", "iPhone13,1", "iPhone13,2", "iPhone13,3", "iPhone13,4", "iPhone14,2", "iPhone14,3", "iPhone14,4", "iPhone14,5", "iPhone14,6", "iPhone14,7", "iPhone14,8", "iPhone15,2", "iPhone15,3", "iPhone15,4", "iPhone16,1", "iPhone16,2", "iPhone17,1", "iPhone17,2", "iPhone17,3", "iPhone5,1", "implyForteApp 1.0 Oneplus_gm190", "implyForteApp 1.0 Samsung_sm-a125", "implyForteApp 1.0 Vivo_v225", "implyForteApp 1.0 Xiaomi_poco_f2_pr", "x86_64"], ["Android/10", "Android/11", "Android/12", "Android/13", "Android/14", "Android/15", "Android/5.10.0", "Android/5.13.0", "Android/5.9.1", "Android/7.0", "Android/8.0.0", "Android/8.1.0", "Android/9", "Unknown", "iOS/10", "iOS/15.6.1", "iOS/16.0", "iOS/16.1", "iOS/16.1.2", "iOS/16.2", "iOS/16.3", "iOS/16.3.1", "iOS/16.6", "iOS/16.6.1", "iOS/16.7.10", "iOS/16.7.11", "iOS/17.2.1", "iOS/17.3", "iOS/17.3.1", "iOS/17.4.1", "iOS/17.5.1", "iOS/17.6", "iOS/17.6.1", "iOS/17.7", "iOS/17.7.1", "iOS/17.7.2", "iOS/18.0", "iOS/18.0.1", "iOS/18.1", "iOS/18.1.1", "iOS/18.2", "iOS/18.2.1", "iOS/18.3", "iOS/18.3.1", "iOS/18.3.2", "iOS/18.4", "iOS/18.4.1", "iOS/18.5", "iOS/18.6", "iOS/18.6.1", "iOS/18.6.2", "iOS/19.0", "iOS/26.0", "mib/13.2.2", "mibWebv3/13.2.2"]]
